-255 0
-254 0
-253 0
-252 0
-251 0
-250 0
-249 0
-248 0
-247 0
-246 0
-245 0
-244 0
-243 0
-242 0
-241 0
-240 0
-239 0
-238 0
-237 0
-236 0
-235 0
-234 0
-233 0
-232 0
-231 0
-230 0
-229 0
-228 0
-227 0
-226 0
-225 0
-224 0
-223 0
-222 0
-221 0
-220 0
-219 0
-218 0
-217 0
-216 0
-215 0
-214 0
-213 0
-212 0
-211 0
-210 0
-209 0
-208 0
-207 0
-206 0
-205 0
-204 0
-203 0
-202 0
-201 0
-200 0
-199 0
-198 0
-197 0
-196 0
-195 1
-194 0
-193 0
-192 0
-191 0
-190 0
-189 0
-188 0
-187 0
-186 0
-185 0
-184 0
-183 0
-182 0
-181 0
-180 0
-179 0
-178 0
-177 0
-176 0
-175 0
-174 0
-173 0
-172 0
-171 0
-170 0
-169 0
-168 0
-167 0
-166 0
-165 0
-164 0
-163 0
-162 0
-161 0
-160 0
-159 0
-158 0
-157 0
-156 2
-155 0
-154 0
-153 0
-152 0
-151 0
-150 0
-149 0
-148 0
-147 0
-146 0
-145 0
-144 0
-143 2
-142 1
-141 0
-140 0
-139 0
-138 0
-137 0
-136 0
-135 1
-134 2
-133 0
-132 0
-131 0
-130 0
-129 1
-128 1
-127 0
-126 1
-125 0
-124 1
-123 1
-122 0
-121 1
-120 1
-119 0
-118 0
-117 1
-116 4
-115 0
-114 2
-113 1
-112 1
-111 0
-110 1
-109 1
-108 1
-107 4
-106 2
-105 1
-104 1
-103 2
-102 0
-101 4
-100 2
-99 0
-98 1
-97 3
-96 0
-95 2
-94 1
-93 3
-92 0
-91 1
-90 6
-89 3
-88 4
-87 7
-86 8
-85 6
-84 6
-83 7
-82 5
-81 4
-80 11
-79 9
-78 13
-77 12
-76 13
-75 17
-74 12
-73 12
-72 11
-71 20
-70 21
-69 28
-68 21
-67 27
-66 21
-65 35
-64 28
-63 41
-62 44
-61 58
-60 43
-59 42
-58 58
-57 61
-56 66
-55 89
-54 87
-53 98
-52 120
-51 121
-50 136
-49 124
-48 153
-47 164
-46 158
-45 208
-44 240
-43 267
-42 244
-41 282
-40 327
-39 375
-38 391
-37 442
-36 435
-35 476
-34 597
-33 620
-32 609
-31 761
-30 766
-29 876
-28 999
-27 1050
-26 1211
-25 1244
-24 1459
-23 1602
-22 1729
-21 1968
-20 2107
-19 2310
-18 2543
-17 2875
-16 3177
-15 3528
-14 3828
-13 4246
-12 4702
-11 5377
-10 5862
-9 6765
-8 7499
-7 8666
-6 9873
-5 11462
-4 13926
-3 16281
-2 19880
-1 26522
0 27005
1 24003
2 20053
3 16704
4 13702
5 11588
6 10015
7 8587
8 7746
9 6908
10 6249
11 5816
12 5075
13 4494
14 4098
15 3669
16 3258
17 2969
18 2662
19 2436
20 2313
21 1997
22 1883
23 1641
24 1499
25 1351
26 1197
27 1103
28 951
29 841
30 800
31 732
32 622
33 605
34 571
35 501
36 433
37 438
38 330
39 368
40 321
41 257
42 248
43 238
44 204
45 188
46 183
47 150
48 129
49 115
50 104
51 112
52 91
53 88
54 56
55 56
56 68
57 65
58 52
59 39
60 46
61 48
62 39
63 36
64 23
65 31
66 27
67 23
68 20
69 19
70 21
71 19
72 12
73 8
74 11
75 11
76 12
77 10
78 9
79 11
80 8
81 10
82 8
83 6
84 3
85 4
86 5
87 5
88 2
89 0
90 3
91 5
92 2
93 5
94 4
95 4
96 3
97 1
98 0
99 1
100 2
101 0
102 0
103 1
104 2
105 0
106 3
107 1
108 2
109 1
110 0
111 1
112 0
113 1
114 2
115 1
116 1
117 0
118 0
119 1
120 1
121 0
122 1
123 1
124 0
125 0
126 1
127 0
128 0
129 1
130 0
131 1
132 0
133 0
134 0
135 0
136 0
137 0
138 0
139 1
140 0
141 1
142 0
143 0
144 1
145 0
146 0
147 1
148 0
149 1
150 0
151 1
152 0
153 0
154 0
155 0
156 0
157 0
158 0
159 1
160 0
161 0
162 0
163 0
164 0
165 0
166 0
167 0
168 0
169 0
170 0
171 0
172 0
173 0
174 0
175 0
176 0
177 0
178 0
179 0
180 0
181 0
182 0
183 0
184 0
185 0
186 0
187 0
188 0
189 0
190 0
191 0
192 0
193 0
194 0
195 0
196 0
197 0
198 0
199 0
200 0
201 0
202 0
203 0
204 0
205 0
206 0
207 0
208 0
209 0
210 0
211 0
212 0
213 0
214 0
215 0
216 0
217 0
218 0
219 0
220 0
221 0
222 0
223 0
224 0
225 0
226 0
227 0
228 0
229 0
230 0
231 0
232 0
233 0
234 0
235 0
236 0
237 0
238 0
239 0
240 0
241 0
242 0
243 0
244 0
245 0
246 0
247 0
248 0
249 0
250 0
251 0
252 0
253 0
254 0
255 0
