-255 0
-254 0
-253 0
-252 0
-251 0
-250 0
-249 0
-248 0
-247 0
-246 0
-245 0
-244 0
-243 0
-242 0
-241 0
-240 0
-239 0
-238 0
-237 0
-236 0
-235 0
-234 0
-233 0
-232 0
-231 0
-230 0
-229 0
-228 0
-227 0
-226 0
-225 0
-224 0
-223 0
-222 0
-221 0
-220 0
-219 0
-218 0
-217 0
-216 0
-215 0
-214 0
-213 0
-212 0
-211 0
-210 0
-209 0
-208 0
-207 0
-206 0
-205 0
-204 0
-203 0
-202 0
-201 0
-200 0
-199 0
-198 0
-197 1
-196 0
-195 0
-194 0
-193 0
-192 0
-191 0
-190 0
-189 0
-188 0
-187 0
-186 1
-185 0
-184 0
-183 0
-182 0
-181 1
-180 1
-179 0
-178 0
-177 0
-176 1
-175 1
-174 0
-173 0
-172 0
-171 0
-170 1
-169 0
-168 0
-167 0
-166 0
-165 0
-164 0
-163 1
-162 0
-161 0
-160 0
-159 0
-158 0
-157 0
-156 0
-155 1
-154 0
-153 1
-152 0
-151 0
-150 0
-149 1
-148 0
-147 0
-146 2
-145 0
-144 2
-143 1
-142 0
-141 0
-140 0
-139 2
-138 3
-137 4
-136 3
-135 5
-134 1
-133 10
-132 3
-131 5
-130 2
-129 4
-128 1
-127 8
-126 14
-125 15
-124 11
-123 6
-122 11
-121 18
-120 12
-119 18
-118 12
-117 18
-116 20
-115 29
-114 17
-113 35
-112 37
-111 33
-110 35
-109 49
-108 43
-107 38
-106 48
-105 44
-104 55
-103 58
-102 49
-101 50
-100 63
-99 809
-98 68
-97 75
-96 80
-95 81
-94 73
-93 80
-92 95
-91 75
-90 105
-89 86
-88 95
-87 102
-86 121
-85 131
-84 124
-83 125
-82 158
-81 132
-80 135
-79 166
-78 171
-77 160
-76 158
-75 181
-74 200
-73 193
-72 201
-71 227
-70 222
-69 237
-68 230
-67 255
-66 256
-65 255
-64 262
-63 345
-62 261
-61 273
-60 281
-59 335
-58 340
-57 379
-56 389
-55 384
-54 376
-53 449
-52 425
-51 468
-50 455
-49 498
-48 530
-47 503
-46 545
-45 603
-44 611
-43 573
-42 678
-41 678
-40 763
-39 693
-38 836
-37 824
-36 831
-35 955
-34 1089
-33 1041
-32 1132
-31 1145
-30 1381
-29 1332
-28 1310
-27 1528
-26 1715
-25 1673
-24 1756
-23 2083
-22 2156
-21 2148
-20 2253
-19 3001
-18 2769
-17 2842
-16 3256
-15 3928
-14 3636
-13 3784
-12 4588
-11 5446
-10 5043
-9 5316
-8 6733
-7 7634
-6 7432
-5 8375
-4 11662
-3 13329
-2 14960
-1 17943
0 33370
1 17906
2 15210
3 13146
4 11623
5 8382
6 7594
7 7638
8 6959
9 5704
10 5415
11 5704
12 4848
13 4153
14 4015
15 4356
16 3381
17 3012
18 3032
19 3191
20 2407
21 2251
22 2396
23 2235
24 1836
25 1825
26 1840
27 1714
28 1402
29 1468
30 1451
31 1250
32 1103
33 1111
34 1160
35 919
36 907
37 906
38 875
39 752
40 738
41 722
42 706
43 663
44 620
45 614
46 552
47 557
48 516
49 513
50 449
51 419
52 417
53 430
54 387
55 365
56 418
57 317
58 340
59 322
60 277
61 270
62 250
63 260
64 256
65 211
66 239
67 233
68 216
69 198
70 161
71 190
72 189
73 179
74 159
75 163
76 149
77 139
78 146
79 119
80 97
81 101
82 130
83 78
84 104
85 110
86 84
87 89
88 79
89 71
90 76
91 65
92 67
93 51
94 73
95 42
96 40
97 56
98 53
99 800
100 39
101 28
102 48
103 27
104 37
105 27
106 19
107 28
108 24
109 26
110 18
111 14
112 16
113 28
114 13
115 20
116 20
117 21
118 17
119 17
120 14
121 16
122 14
123 19
124 9
125 12
126 14
127 9
128 17
129 10
130 9
131 10
132 9
133 4
134 8
135 8
136 7
137 2
138 1
139 2
140 1
141 4
142 4
143 0
144 4
145 1
146 0
147 4
148 1
149 1
150 1
151 0
152 0
153 0
154 0
155 0
156 0
157 1
158 0
159 0
160 0
161 0
162 0
163 0
164 0
165 0
166 0
167 0
168 0
169 0
170 0
171 0
172 0
173 0
174 0
175 0
176 0
177 0
178 0
179 0
180 0
181 0
182 0
183 0
184 0
185 0
186 1
187 0
188 1
189 0
190 0
191 0
192 0
193 0
194 0
195 0
196 0
197 0
198 0
199 0
200 0
201 0
202 0
203 0
204 0
205 0
206 0
207 0
208 0
209 0
210 0
211 0
212 0
213 0
214 0
215 0
216 0
217 0
218 0
219 0
220 0
221 0
222 0
223 0
224 0
225 0
226 0
227 0
228 0
229 0
230 0
231 0
232 0
233 0
234 0
235 0
236 0
237 0
238 0
239 0
240 0
241 0
242 0
243 0
244 0
245 0
246 0
247 0
248 0
249 0
250 0
251 0
252 0
253 0
254 0
255 0
