0 768
1 3
2 2
3 2
4 2
5 4
6 6
7 5
8 18
9 15
10 8
11 19
12 30
13 38
14 53
15 60
16 70
17 116
18 121
19 114
20 210
21 275
22 168
23 313
24 349
25 382
26 384
27 460
28 487
29 409
30 412
31 475
32 549
33 480
34 503
35 670
36 732
37 635
38 643
39 854
40 896
41 733
42 971
43 1112
44 1115
45 1086
46 1245
47 1655
48 1601
49 2107
50 2856
51 4621
52 5098
53 5464
54 6285
55 5289
56 4566
57 2575
58 2721
59 2253
60 1970
61 2499
62 2497
63 2005
64 2129
65 2702
66 2442
67 2028
68 2105
69 2268
70 2441
71 2052
72 1944
73 2194
74 2089
75 1764
76 2031
77 2109
78 2061
79 1872
80 2256
81 2185
82 2040
83 2071
84 2485
85 2450
86 2440
87 2299
88 2533
89 2524
90 2541
91 2651
92 2535
93 2496
94 2474
95 2750
96 2389
97 2711
98 3032
99 8024
100 3221
101 3516
102 4196
103 2530
104 3471
105 3305
106 2725
107 2068
108 2352
109 2289
110 2475
111 2046
112 2228
113 2299
114 2163
115 2657
116 2478
117 2234
118 2247
119 2452
120 3102
121 2411
122 2463
123 2808
124 3151
125 2560
126 2525
127 3131
128 2354
129 3175
130 3335
131 3006
132 2737
133 3163
134 4309
135 3220
136 2910
137 3435
138 3663
139 3635
140 3680
141 3960
142 3937
143 3371
144 4529
145 4399
146 3591
147 2885
148 4533
149 5134
150 2529
151 3778
152 4563
153 4734
154 2312
155 3685
156 4153
157 2945
158 2581
159 3527
160 3339
161 1875
162 2510
163 2979
164 2497
165 1540
166 2044
167 2113
168 1768
169 1163
170 1533
171 1416
172 1012
173 961
174 1025
175 957
176 742
177 712
178 722
179 718
180 558
181 515
182 537
183 568
184 580
185 474
186 488
187 477
188 424
189 481
190 371
191 353
192 353
193 320
194 289
195 247
196 196
197 177
198 202
199 154
200 157
201 130
202 136
203 77
204 80
205 69
206 64
207 48
208 59
209 34
210 20
211 33
212 30
213 23
214 15
215 23
216 15
217 14
218 14
219 7
220 7
221 13
222 9
223 4
224 8
225 5
226 8
227 7
228 5
229 1
230 8
231 3
232 6
233 6
234 5
235 6
236 2
237 5
238 5
239 3
240 4
241 2
242 5
243 7
244 2
245 4
246 2
247 0
248 1
249 4
250 2
251 3
252 9
253 6
254 11
255 548
