-255 0
-254 0
-253 0
-252 0
-251 0
-250 0
-249 0
-248 0
-247 0
-246 0
-245 0
-244 0
-243 0
-242 0
-241 0
-240 0
-239 0
-238 0
-237 0
-236 0
-235 0
-234 1
-233 1
-232 0
-231 0
-230 0
-229 0
-228 0
-227 0
-226 0
-225 0
-224 0
-223 0
-222 0
-221 0
-220 1
-219 0
-218 0
-217 1
-216 0
-215 0
-214 0
-213 0
-212 0
-211 0
-210 0
-209 0
-208 2
-207 1
-206 1
-205 0
-204 1
-203 0
-202 1
-201 1
-200 4
-199 2
-198 4
-197 5
-196 4
-195 2
-194 0
-193 1
-192 4
-191 7
-190 4
-189 1
-188 6
-187 0
-186 2
-185 6
-184 1
-183 4
-182 2
-181 2
-180 5
-179 4
-178 7
-177 3
-176 2
-175 2
-174 4
-173 4
-172 0
-171 3
-170 2
-169 1
-168 2
-167 1
-166 2
-165 3
-164 6
-163 5
-162 1
-161 1
-160 1
-159 2
-158 2
-157 3
-156 2
-155 5
-154 6
-153 3
-152 3
-151 2
-150 1
-149 4
-148 6
-147 8
-146 6
-145 3
-144 6
-143 5
-142 4
-141 5
-140 7
-139 6
-138 9
-137 10
-136 13
-135 8
-134 12
-133 9
-132 13
-131 24
-130 15
-129 11
-128 18
-127 15
-126 13
-125 27
-124 16
-123 31
-122 21
-121 26
-120 25
-119 38
-118 28
-117 44
-116 32
-115 35
-114 50
-113 49
-112 56
-111 55
-110 62
-109 76
-108 64
-107 88
-106 78
-105 84
-104 71
-103 95
-102 105
-101 96
-100 117
-99 836
-98 124
-97 133
-96 124
-95 124
-94 143
-93 130
-92 137
-91 145
-90 134
-89 169
-88 181
-87 156
-86 165
-85 197
-84 208
-83 215
-82 193
-81 230
-80 227
-79 254
-78 265
-77 240
-76 272
-75 276
-74 275
-73 297
-72 303
-71 322
-70 346
-69 332
-68 380
-67 361
-66 365
-65 363
-64 407
-63 461
-62 425
-61 450
-60 462
-59 463
-58 490
-57 534
-56 569
-55 520
-54 605
-53 601
-52 654
-51 641
-50 679
-49 726
-48 744
-47 773
-46 800
-45 822
-44 908
-43 933
-42 1000
-41 1027
-40 958
-39 1037
-38 1156
-37 1212
-36 1190
-35 1259
-34 1402
-33 1401
-32 1415
-31 1535
-30 2107
-29 1800
-28 1778
-27 1872
-26 2092
-25 2087
-24 2102
-23 2483
-22 2529
-21 2560
-20 2783
-19 3328
-18 3079
-17 3230
-16 3376
-15 4217
-14 3858
-13 4007
-12 4624
-11 5211
-10 5124
-9 5436
-8 6352
-7 6775
-6 7040
-5 7501
-4 9808
-3 11089
-2 12107
-1 13911
0 21285
1 14544
2 12299
3 10925
4 10038
5 7658
6 7136
7 7271
8 6609
9 5687
10 5314
11 5657
12 4923
13 4376
14 4152
15 4366
16 3714
17 3368
18 3365
19 3483
20 2928
21 2665
22 2702
23 2710
24 2225
25 2216
26 2229
27 2056
28 1920
29 1857
30 1829
31 1626
32 1469
33 1515
34 1489
35 1316
36 1334
37 1180
38 1224
39 1106
40 999
41 1020
42 952
43 865
44 903
45 908
46 748
47 767
48 801
49 722
50 651
51 657
52 655
53 625
54 563
55 571
56 520
57 541
58 459
59 456
60 448
61 450
62 422
63 458
64 351
65 418
66 391
67 411
68 314
69 326
70 295
71 301
72 269
73 245
74 253
75 221
76 217
77 207
78 209
79 180
80 176
81 187
82 185
83 155
84 162
85 126
86 164
87 145
88 121
89 133
90 117
91 105
92 98
93 119
94 93
95 92
96 88
97 67
98 77
99 1341
100 77
101 68
102 64
103 48
104 66
105 62
106 54
107 49
108 55
109 38
110 39
111 43
112 47
113 35
114 39
115 48
116 73
117 55
118 77
119 102
120 86
121 28
122 71
123 57
124 55
125 44
126 28
127 37
128 32
129 49
130 35
131 48
132 29
133 22
134 14
135 10
136 15
137 6
138 10
139 11
140 12
141 4
142 6
143 3
144 7
145 4
146 4
147 5
148 8
149 4
150 5
151 4
152 7
153 2
154 3
155 3
156 1
157 0
158 1
159 2
160 2
161 0
162 0
163 0
164 1
165 1
166 0
167 0
168 0
169 1
170 1
171 0
172 2
173 1
174 2
175 0
176 0
177 0
178 1
179 0
180 0
181 0
182 0
183 0
184 0
185 0
186 0
187 0
188 0
189 0
190 0
191 0
192 0
193 0
194 0
195 0
196 0
197 0
198 0
199 0
200 0
201 0
202 0
203 0
204 0
205 0
206 0
207 0
208 0
209 0
210 0
211 0
212 0
213 0
214 0
215 0
216 0
217 0
218 0
219 0
220 0
221 0
222 0
223 0
224 0
225 0
226 1
227 0
228 0
229 0
230 0
231 0
232 0
233 0
234 0
235 0
236 0
237 0
238 0
239 0
240 0
241 0
242 0
243 0
244 0
245 0
246 0
247 0
248 0
249 0
250 0
251 0
252 0
253 0
254 0
255 0
