-255 0
-254 0
-253 0
-252 0
-251 0
-250 0
-249 0
-248 0
-247 0
-246 0
-245 0
-244 0
-243 0
-242 0
-241 0
-240 0
-239 0
-238 0
-237 0
-236 0
-235 0
-234 0
-233 0
-232 0
-231 0
-230 0
-229 0
-228 0
-227 0
-226 0
-225 0
-224 0
-223 0
-222 0
-221 0
-220 0
-219 0
-218 0
-217 0
-216 0
-215 0
-214 0
-213 0
-212 0
-211 0
-210 0
-209 0
-208 0
-207 0
-206 0
-205 0
-204 0
-203 0
-202 0
-201 1
-200 0
-199 0
-198 0
-197 0
-196 1
-195 0
-194 0
-193 0
-192 0
-191 0
-190 0
-189 0
-188 1
-187 0
-186 0
-185 0
-184 0
-183 0
-182 0
-181 0
-180 0
-179 1
-178 0
-177 0
-176 0
-175 1
-174 0
-173 0
-172 0
-171 0
-170 1
-169 0
-168 0
-167 1
-166 0
-165 0
-164 1
-163 1
-162 0
-161 0
-160 2
-159 0
-158 0
-157 0
-156 0
-155 1
-154 0
-153 2
-152 2
-151 2
-150 4
-149 4
-148 2
-147 3
-146 2
-145 3
-144 1
-143 3
-142 1
-141 3
-140 4
-139 2
-138 4
-137 5
-136 4
-135 7
-134 10
-133 8
-132 22
-131 30
-130 20
-129 34
-128 12
-127 22
-126 15
-125 21
-124 27
-123 33
-122 59
-121 21
-120 66
-119 85
-118 59
-117 24
-116 48
-115 16
-114 35
-113 9
-112 11
-111 11
-110 10
-109 12
-108 21
-107 20
-106 12
-105 15
-104 20
-103 22
-102 22
-101 16
-100 44
-99 31
-98 24
-97 32
-96 19
-95 26
-94 23
-93 35
-92 30
-91 39
-90 27
-89 48
-88 37
-87 42
-86 54
-85 48
-84 53
-83 58
-82 49
-81 59
-80 55
-79 43
-78 61
-77 55
-76 66
-75 79
-74 67
-73 54
-72 75
-71 97
-70 79
-69 137
-68 106
-67 154
-66 179
-65 181
-64 96
-63 197
-62 166
-61 133
-60 173
-59 157
-58 155
-57 181
-56 185
-55 214
-54 217
-53 258
-52 245
-51 240
-50 222
-49 289
-48 286
-47 315
-46 359
-45 357
-44 402
-43 412
-42 446
-41 466
-40 476
-39 506
-38 669
-37 592
-36 603
-35 674
-34 815
-33 855
-32 889
-31 947
-30 1158
-29 1137
-28 1107
-27 1430
-26 1551
-25 1557
-24 1629
-23 2104
-22 2029
-21 2062
-20 2208
-19 2866
-18 2788
-17 2908
-16 3314
-15 4224
-14 3996
-13 4253
-12 5053
-11 5957
-10 5846
-9 6023
-8 7788
-7 8441
-6 8459
-5 9236
-4 13083
-3 14852
-2 16817
-1 20743
0 35157
1 19701
2 16476
3 14279
4 12385
5 8840
6 8223
7 8176
8 7332
9 5883
10 5495
11 5718
12 4866
13 4166
14 3830
15 4152
16 3220
17 2849
18 2764
19 2829
20 2191
21 2030
22 2041
23 1951
24 1592
25 1467
26 1510
27 1309
28 1203
29 1286
30 1501
31 975
32 880
33 880
34 890
35 695
36 676
37 650
38 653
39 515
40 545
41 534
42 489
43 443
44 427
45 398
46 363
47 338
48 365
49 315
50 305
51 281
52 302
53 247
54 211
55 218
56 205
57 230
58 203
59 187
60 151
61 148
62 155
63 160
64 146
65 135
66 133
67 115
68 105
69 108
70 118
71 99
72 106
73 105
74 88
75 85
76 98
77 79
78 88
79 77
80 67
81 70
82 69
83 62
84 50
85 45
86 49
87 64
88 48
89 39
90 38
91 34
92 32
93 38
94 36
95 28
96 34
97 37
98 38
99 546
100 30
101 36
102 31
103 23
104 27
105 24
106 18
107 27
108 19
109 23
110 12
111 12
112 18
113 12
114 13
115 12
116 11
117 8
118 7
119 10
120 12
121 7
122 4
123 9
124 5
125 4
126 6
127 2
128 1
129 5
130 4
131 5
132 6
133 2
134 7
135 2
136 4
137 2
138 5
139 3
140 1
141 1
142 3
143 0
144 3
145 2
146 5
147 4
148 2
149 1
150 2
151 1
152 1
153 1
154 1
155 3
156 3
157 3
158 1
159 1
160 1
161 1
162 3
163 4
164 4
165 3
166 1
167 2
168 2
169 1
170 2
171 2
172 0
173 3
174 4
175 2
176 2
177 3
178 7
179 4
180 5
181 2
182 3
183 4
184 1
185 6
186 3
187 0
188 6
189 1
190 4
191 7
192 4
193 1
194 1
195 2
196 3
197 3
198 4
199 2
200 1
201 1
202 0
203 1
204 1
205 0
206 1
207 0
208 2
209 0
210 0
211 0
212 0
213 0
214 0
215 0
216 0
217 0
218 1
219 0
220 1
221 0
222 0
223 0
224 0
225 0
226 0
227 0
228 0
229 0
230 0
231 0
232 0
233 2
234 0
235 0
236 0
237 0
238 0
239 0
240 0
241 0
242 0
243 0
244 0
245 0
246 0
247 0
248 0
249 0
250 0
251 0
252 0
253 0
254 0
255 0
