-255 0
-254 0
-253 0
-252 0
-251 0
-250 0
-249 0
-248 0
-247 0
-246 0
-245 0
-244 0
-243 0
-242 0
-241 0
-240 0
-239 0
-238 0
-237 0
-236 0
-235 0
-234 0
-233 0
-232 0
-231 0
-230 0
-229 0
-228 0
-227 0
-226 0
-225 0
-224 0
-223 0
-222 0
-221 0
-220 0
-219 0
-218 0
-217 0
-216 0
-215 0
-214 0
-213 0
-212 0
-211 0
-210 0
-209 0
-208 0
-207 0
-206 0
-205 0
-204 0
-203 0
-202 0
-201 0
-200 0
-199 0
-198 0
-197 1
-196 0
-195 0
-194 0
-193 0
-192 0
-191 0
-190 0
-189 0
-188 0
-187 0
-186 0
-185 0
-184 0
-183 0
-182 0
-181 0
-180 0
-179 0
-178 0
-177 0
-176 0
-175 0
-174 0
-173 0
-172 0
-171 0
-170 0
-169 0
-168 0
-167 0
-166 0
-165 0
-164 0
-163 0
-162 0
-161 0
-160 1
-159 0
-158 0
-157 0
-156 1
-155 0
-154 0
-153 0
-152 0
-151 0
-150 0
-149 0
-148 0
-147 0
-146 0
-145 0
-144 1
-143 1
-142 0
-141 2
-140 0
-139 0
-138 0
-137 0
-136 1
-135 0
-134 0
-133 1
-132 0
-131 1
-130 0
-129 0
-128 0
-127 0
-126 1
-125 0
-124 2
-123 0
-122 0
-121 1
-120 1
-119 2
-118 0
-117 1
-116 2
-115 1
-114 0
-113 2
-112 1
-111 1
-110 3
-109 0
-108 1
-107 2
-106 3
-105 1
-104 3
-103 2
-102 1
-101 1
-100 0
-99 4
-98 2
-97 0
-96 1
-95 0
-94 2
-93 2
-92 2
-91 4
-90 4
-89 2
-88 6
-87 10
-86 6
-85 4
-84 8
-83 10
-82 9
-81 10
-80 8
-79 11
-78 15
-77 9
-76 20
-75 12
-74 16
-73 16
-72 17
-71 14
-70 28
-69 31
-68 29
-67 24
-66 25
-65 28
-64 36
-63 45
-62 53
-61 37
-60 66
-59 67
-58 60
-57 65
-56 81
-55 91
-54 104
-53 102
-52 131
-51 104
-50 133
-49 171
-48 147
-47 198
-46 192
-45 220
-44 249
-43 260
-42 280
-41 293
-40 361
-39 348
-38 429
-37 447
-36 429
-35 533
-34 590
-33 595
-32 682
-31 736
-30 883
-29 887
-28 911
-27 1163
-26 1262
-25 1310
-24 1383
-23 1667
-22 1767
-21 1847
-20 2003
-19 2474
-18 2525
-17 2760
-16 3041
-15 3698
-14 3657
-13 3947
-12 4715
-11 5611
-10 5625
-9 5968
-8 7264
-7 8205
-6 8994
-5 10005
-4 13353
-3 16194
-2 19502
-1 24339
0 40035
1 23535
2 19394
3 16145
4 13277
5 10064
6 8806
7 8444
8 7518
9 6301
10 5823
11 5653
12 4979
13 4189
14 3943
15 3893
16 3240
17 2906
18 2615
19 2552
20 2078
21 1955
22 1823
23 1775
24 1459
25 1430
26 1261
27 1142
28 1018
29 925
30 910
31 722
32 641
33 636
34 587
35 513
36 483
37 422
38 434
39 362
40 336
41 302
42 290
43 210
44 230
45 228
46 173
47 161
48 152
49 134
50 95
51 106
52 105
53 100
54 95
55 79
56 67
57 68
58 47
59 44
60 38
61 37
62 48
63 36
64 37
65 29
66 26
67 30
68 24
69 23
70 18
71 18
72 26
73 11
74 12
75 7
76 17
77 7
78 5
79 12
80 12
81 5
82 10
83 7
84 5
85 7
86 6
87 4
88 4
89 1
90 5
91 5
92 2
93 1
94 4
95 1
96 3
97 3
98 1
99 1
100 0
101 0
102 1
103 1
104 1
105 2
106 1
107 2
108 1
109 1
110 1
111 1
112 3
113 1
114 1
115 0
116 0
117 1
118 1
119 0
120 0
121 1
122 0
123 1
124 0
125 1
126 1
127 1
128 0
129 0
130 0
131 0
132 0
133 0
134 0
135 0
136 0
137 0
138 1
139 0
140 0
141 0
142 0
143 1
144 1
145 1
146 0
147 1
148 2
149 0
150 0
151 0
152 0
153 0
154 0
155 0
156 0
157 0
158 0
159 0
160 1
161 0
162 0
163 0
164 0
165 0
166 0
167 0
168 0
169 0
170 0
171 0
172 0
173 0
174 0
175 0
176 0
177 0
178 0
179 0
180 0
181 0
182 0
183 0
184 0
185 0
186 0
187 0
188 0
189 0
190 0
191 0
192 0
193 0
194 0
195 0
196 0
197 0
198 0
199 0
200 0
201 0
202 0
203 0
204 0
205 0
206 0
207 0
208 0
209 0
210 0
211 0
212 0
213 0
214 0
215 0
216 0
217 0
218 0
219 0
220 0
221 0
222 0
223 0
224 0
225 0
226 0
227 0
228 0
229 0
230 0
231 0
232 0
233 0
234 0
235 0
236 0
237 0
238 0
239 0
240 0
241 0
242 0
243 0
244 0
245 0
246 0
247 0
248 0
249 0
250 0
251 0
252 0
253 0
254 0
255 0
