-255 0
-254 0
-253 0
-252 0
-251 0
-250 0
-249 0
-248 0
-247 0
-246 0
-245 0
-244 0
-243 0
-242 0
-241 0
-240 0
-239 0
-238 0
-237 0
-236 0
-235 0
-234 0
-233 0
-232 0
-231 0
-230 0
-229 0
-228 0
-227 0
-226 0
-225 0
-224 0
-223 0
-222 0
-221 0
-220 0
-219 0
-218 0
-217 0
-216 0
-215 1
-214 0
-213 0
-212 0
-211 0
-210 0
-209 0
-208 0
-207 0
-206 1
-205 0
-204 0
-203 0
-202 1
-201 0
-200 0
-199 2
-198 0
-197 0
-196 0
-195 0
-194 0
-193 2
-192 0
-191 0
-190 0
-189 0
-188 0
-187 0
-186 0
-185 2
-184 0
-183 0
-182 0
-181 0
-180 0
-179 0
-178 1
-177 0
-176 0
-175 0
-174 0
-173 0
-172 0
-171 1
-170 1
-169 0
-168 0
-167 1
-166 0
-165 0
-164 2
-163 0
-162 0
-161 0
-160 2
-159 2
-158 0
-157 1
-156 0
-155 2
-154 3
-153 2
-152 2
-151 0
-150 3
-149 1
-148 3
-147 1
-146 6
-145 5
-144 4
-143 4
-142 3
-141 2
-140 5
-139 6
-138 10
-137 8
-136 12
-135 6
-134 9
-133 11
-132 26
-131 34
-130 31
-129 42
-128 21
-127 27
-126 27
-125 27
-124 36
-123 55
-122 84
-121 33
-120 82
-119 87
-118 83
-117 44
-116 75
-115 51
-114 52
-113 55
-112 41
-111 59
-110 44
-109 48
-108 66
-107 63
-106 62
-105 75
-104 79
-103 72
-102 91
-101 82
-100 100
-99 822
-98 86
-97 114
-96 102
-95 103
-94 108
-93 122
-92 138
-91 123
-90 140
-89 155
-88 142
-87 137
-86 170
-85 167
-84 169
-83 161
-82 183
-81 190
-80 190
-79 188
-78 245
-77 226
-76 218
-75 217
-74 308
-73 223
-72 274
-71 286
-70 274
-69 336
-68 332
-67 374
-66 396
-65 388
-64 340
-63 403
-62 419
-61 400
-60 431
-59 426
-58 419
-57 466
-56 474
-55 528
-54 519
-53 627
-52 578
-51 579
-50 574
-49 616
-48 701
-47 609
-46 705
-45 711
-44 802
-43 728
-42 800
-41 896
-40 873
-39 885
-38 1030
-37 997
-36 1092
-35 1106
-34 1247
-33 1312
-32 1257
-31 1389
-30 1529
-29 1617
-28 1552
-27 1820
-26 1892
-25 1963
-24 2036
-23 2425
-22 2420
-21 2363
-20 2632
-19 3176
-18 3121
-17 3225
-16 3469
-15 4217
-14 4025
-13 4154
-12 4973
-11 5583
-10 5326
-9 5504
-8 6846
-7 7558
-6 7438
-5 8419
-4 10616
-3 12074
-2 13062
-1 15383
0 22472
1 14627
2 12933
3 11380
4 10412
5 8071
6 7439
7 7284
8 6712
9 5718
10 5430
11 5678
12 4894
13 4276
14 4107
15 4256
16 3517
17 3230
18 3107
19 3238
20 2703
21 2470
22 2551
23 2390
24 2088
25 1980
26 2003
27 1876
28 1686
29 1835
30 1914
31 1470
32 1388
33 1312
34 1388
35 1225
36 1148
37 1134
38 1118
39 979
40 948
41 922
42 953
43 825
44 852
45 764
46 773
47 690
48 711
49 678
50 608
51 620
52 569
53 607
54 550
55 527
56 490
57 504
58 455
59 450
60 397
61 370
62 375
63 396
64 350
65 381
66 343
67 326
68 325
69 275
70 286
71 296
72 269
73 247
74 239
75 225
76 220
77 228
78 208
79 188
80 168
81 170
82 185
83 157
84 149
85 130
86 168
87 113
88 135
89 127
90 119
91 120
92 120
93 93
94 108
95 117
96 92
97 87
98 90
99 1349
100 78
101 59
102 68
103 54
104 58
105 51
106 48
107 40
108 50
109 43
110 51
111 42
112 34
113 34
114 37
115 34
116 25
117 18
118 29
119 32
120 33
121 23
122 20
123 14
124 14
125 25
126 18
127 14
128 20
129 22
130 15
131 15
132 12
133 15
134 10
135 10
136 9
137 7
138 7
139 2
140 6
141 2
142 5
143 4
144 9
145 2
146 4
147 8
148 2
149 4
150 2
151 3
152 1
153 2
154 2
155 4
156 2
157 3
158 1
159 0
160 1
161 5
162 1
163 3
164 7
165 5
166 2
167 2
168 2
169 3
170 2
171 2
172 2
173 3
174 4
175 3
176 3
177 3
178 7
179 4
180 5
181 2
182 3
183 4
184 2
185 6
186 2
187 1
188 6
189 1
190 4
191 7
192 5
193 1
194 0
195 3
196 2
197 3
198 4
199 2
200 1
201 1
202 0
203 0
204 1
205 0
206 1
207 0
208 2
209 0
210 0
211 0
212 1
213 0
214 0
215 0
216 0
217 0
218 1
219 0
220 1
221 0
222 0
223 0
224 0
225 0
226 0
227 0
228 0
229 0
230 0
231 0
232 0
233 1
234 1
235 0
236 0
237 0
238 0
239 0
240 0
241 0
242 0
243 0
244 0
245 0
246 0
247 0
248 0
249 0
250 0
251 0
252 0
253 0
254 0
255 0
